Version	1
Run name	C:\Users\Jenny\Desktop\David A\Lab2023_09_27\EXP2Group1.inr
Export time	2023-09-27 09:12
Pos1 sample	Label for Pos1
Pos2 sample	
Spectrometer integration time	2,6
Spectrometer sample averages	100
pos1-PeakPos_x	pos1-PeakPos_y
2.968750E-1	7.617344E2
1.281250E0	7.617263E2
2.281250E0	7.617281E2
3.281250E0	7.617320E2
4.281250E0	7.617371E2
5.281250E0	7.617350E2
6.281250E0	7.617372E2
7.296875E0	7.617299E2
8.281250E0	7.617225E2
9.281250E0	7.617181E2
1.028125E1	7.617257E2
1.128125E1	7.617214E2
1.228125E1	7.617319E2
1.328125E1	7.617267E2
1.428125E1	7.617259E2
1.528125E1	7.617319E2
1.628125E1	7.617291E2
1.728125E1	7.617231E2
1.828125E1	7.617224E2
1.928125E1	7.617293E2
2.028125E1	7.617207E2
2.128125E1	7.617173E2
2.228125E1	7.617253E2
2.328125E1	7.617273E2
2.428125E1	7.617241E2
2.528125E1	7.617222E2
2.628125E1	7.617307E2
2.728125E1	7.617217E2
2.828125E1	7.617116E2
2.928125E1	7.617193E2
3.028125E1	7.617229E2
3.128125E1	7.617267E2
3.228125E1	7.617269E2
3.328125E1	7.617167E2
3.428125E1	7.617271E2
3.528125E1	7.617133E2
3.628125E1	7.617138E2
3.728125E1	7.617185E2
3.828125E1	7.617192E2
3.928125E1	7.617249E2
4.028125E1	7.617282E2
4.128125E1	7.617194E2
4.228125E1	7.617243E2
4.328125E1	7.617193E2
4.428125E1	7.617173E2
4.528125E1	7.617205E2
4.628125E1	7.617152E2
4.728125E1	7.617146E2
4.828125E1	7.617167E2
4.928125E1	7.617313E2
5.028125E1	7.617197E2
5.128125E1	7.617162E2
5.228125E1	7.617230E2
5.328125E1	7.617185E2
5.428125E1	7.617261E2
5.528125E1	7.617227E2
5.628125E1	7.617204E2
5.728125E1	7.617206E2
5.828125E1	7.617179E2
5.928125E1	7.617133E2
6.028125E1	7.617208E2
6.128125E1	7.617224E2
6.228125E1	7.617251E2
6.328125E1	7.617098E2
6.428125E1	7.617166E2
6.528125E1	7.617136E2
6.628125E1	7.617140E2
6.728125E1	7.617260E2
6.828125E1	7.617179E2
6.928125E1	7.617157E2
7.028125E1	7.617177E2
7.128125E1	7.617105E2
7.228125E1	7.617162E2
7.328125E1	7.617249E2
7.428125E1	7.617077E2
7.528125E1	7.617200E2
7.628125E1	7.617144E2
7.728125E1	7.617118E2
7.828125E1	7.617253E2
7.928125E1	7.617095E2
8.028125E1	7.617116E2
8.128125E1	7.617223E2
8.228125E1	7.617136E2
8.328125E1	7.617167E2
8.428125E1	7.617083E2
8.528125E1	7.617130E2
8.628125E1	7.617137E2
8.728125E1	7.617205E2
8.828125E1	7.617161E2
8.928125E1	7.617130E2
9.028125E1	7.617147E2
9.128125E1	7.617152E2
9.228125E1	7.617190E2
9.328125E1	7.617118E2
9.428125E1	7.617138E2
9.528125E1	7.617105E2
9.628125E1	7.617117E2
9.728125E1	7.617044E2
9.828125E1	7.617134E2
9.928125E1	7.617150E2
1.002813E2	7.617057E2
1.012813E2	7.617051E2
1.022813E2	7.617123E2
1.032813E2	7.617058E2
1.042813E2	7.617101E2
1.052813E2	7.617143E2
1.062813E2	7.617031E2
1.072813E2	7.617059E2
1.082813E2	7.617068E2
1.092813E2	7.617079E2
1.102813E2	7.617132E2
1.112813E2	7.617070E2
1.122813E2	7.616973E2
1.132813E2	7.617085E2
1.142813E2	7.617139E2
1.152813E2	7.617178E2
1.162813E2	7.617167E2
1.172813E2	7.617074E2
1.182813E2	7.617085E2
1.192813E2	7.617072E2
1.202813E2	7.617083E2
1.212813E2	7.617111E2
1.222813E2	7.617106E2
1.232813E2	7.617108E2
1.242813E2	7.617085E2
1.252813E2	7.617112E2
1.262813E2	7.617083E2
1.272813E2	7.617030E2
1.282813E2	7.616999E2
1.292813E2	7.617051E2
1.302813E2	7.617109E2
1.312813E2	7.617135E2
1.322813E2	7.617138E2
1.332813E2	7.617114E2
1.342813E2	7.617031E2
1.352813E2	7.617025E2
1.362813E2	7.617041E2
1.372813E2	7.617035E2
1.382813E2	7.617136E2
1.392813E2	7.617025E2
1.402813E2	7.617076E2
1.412813E2	7.617052E2
1.422813E2	7.617082E2
1.432813E2	7.617099E2
1.442813E2	7.616996E2
1.452813E2	7.617100E2
1.462813E2	7.617002E2
1.472813E2	7.617113E2
1.482813E2	7.617072E2
1.492813E2	7.617170E2
1.502813E2	7.617112E2
1.512813E2	7.617030E2
1.522813E2	7.617042E2
1.532813E2	7.617008E2
1.542813E2	7.617114E2
1.552813E2	7.617059E2
1.562813E2	7.617024E2
1.572813E2	7.617066E2
1.582813E2	7.617075E2
1.592813E2	7.617140E2
1.602813E2	7.617147E2
1.612969E2	7.617336E2
1.622813E2	7.617349E2
1.632813E2	7.617388E2
1.642813E2	7.617489E2
1.652813E2	7.617573E2
1.662813E2	7.617671E2
1.672813E2	7.617728E2
1.682813E2	7.617814E2
1.692813E2	7.617976E2
1.702813E2	7.617999E2
1.712813E2	7.618186E2
1.722813E2	7.618247E2
1.732813E2	7.618359E2
1.742813E2	7.618425E2
1.752813E2	7.618628E2
1.762813E2	7.618628E2
1.772813E2	7.618709E2
1.782813E2	7.618919E2
1.792813E2	7.618996E2
1.802813E2	7.618990E2
1.812813E2	7.619072E2
1.822813E2	7.619229E2
1.832813E2	7.619224E2
1.842813E2	7.619193E2
1.852813E2	7.619390E2
1.862813E2	7.619423E2
1.872813E2	7.619469E2
1.882813E2	7.619517E2
1.892813E2	7.619623E2
1.902813E2	7.619577E2
1.912813E2	7.619584E2
1.922813E2	7.619770E2
1.932813E2	7.619656E2
1.942813E2	7.619758E2
1.952813E2	7.619772E2
1.962813E2	7.619773E2
1.972813E2	7.619753E2
1.982813E2	7.619781E2
1.992813E2	7.619777E2
2.002813E2	7.619842E2
2.012813E2	7.619892E2
2.022813E2	7.619821E2
2.032813E2	7.619785E2
2.042813E2	7.619867E2
2.052813E2	7.619806E2
2.062813E2	7.619830E2
2.072813E2	7.619906E2
2.082813E2	7.619872E2
2.092813E2	7.619799E2
2.102813E2	7.619845E2
2.112813E2	7.619881E2
2.122813E2	7.619918E2
2.132813E2	7.619871E2
2.142813E2	7.619809E2
2.152813E2	7.619935E2
2.162813E2	7.619849E2
2.172813E2	7.619930E2
2.182813E2	7.619920E2
2.192813E2	7.619911E2
2.202813E2	7.619932E2
2.212813E2	7.619926E2
2.222813E2	7.619937E2
2.232813E2	7.619912E2
2.242813E2	7.619920E2
2.252813E2	7.619945E2
2.262813E2	7.619797E2
2.272813E2	7.619840E2
2.282813E2	7.619867E2
2.292813E2	7.619877E2
2.302813E2	7.620001E2
2.312813E2	7.619847E2
2.322813E2	7.619888E2
2.332813E2	7.619883E2
2.342813E2	7.619899E2
2.352813E2	7.619844E2
2.362813E2	7.619911E2
2.372813E2	7.619935E2
2.382813E2	7.619905E2
2.392813E2	7.619873E2
2.402813E2	7.619909E2
2.412813E2	7.619915E2
2.422813E2	7.619781E2
2.432813E2	7.619865E2
2.442813E2	7.619930E2
2.452813E2	7.619864E2
2.462813E2	7.619947E2
2.472813E2	7.619903E2
2.482813E2	7.619883E2
2.492813E2	7.619909E2
2.502813E2	7.619887E2
2.512813E2	7.619981E2
2.522813E2	7.619985E2
2.532813E2	7.619880E2
2.542813E2	7.619928E2
2.552813E2	7.619947E2
2.562813E2	7.619884E2
2.572813E2	7.619895E2
2.582813E2	7.619872E2
2.592813E2	7.619882E2
2.602813E2	7.619947E2
2.612813E2	7.619913E2
2.622813E2	7.619792E2
2.632813E2	7.619877E2
2.642813E2	7.619855E2
2.652813E2	7.619879E2
2.662813E2	7.619831E2
2.672813E2	7.619852E2
2.682813E2	7.619852E2
2.692813E2	7.619879E2
2.702813E2	7.619798E2
2.712813E2	7.619905E2
2.722813E2	7.619853E2
2.732813E2	7.619860E2
2.742813E2	7.619844E2
2.752813E2	7.619800E2
2.762813E2	7.619943E2
2.772813E2	7.619887E2
2.782813E2	7.619938E2
2.792813E2	7.619823E2
2.802813E2	7.619869E2
2.812813E2	7.619877E2
2.822813E2	7.619852E2
2.832813E2	7.619936E2
2.842813E2	7.619767E2
2.852813E2	7.619863E2
2.862813E2	7.619929E2
2.872813E2	7.619913E2
2.882813E2	7.619921E2
2.892813E2	7.619856E2
2.902813E2	7.619807E2
2.912813E2	7.619905E2
2.922813E2	7.619889E2
2.932813E2	7.619885E2
2.942813E2	7.619881E2
2.952813E2	7.619926E2
2.962813E2	7.619954E2
2.972813E2	7.619862E2
2.982813E2	7.619858E2
2.992813E2	7.619897E2
3.002813E2	7.619910E2
3.012813E2	7.619843E2
3.022813E2	7.619842E2
3.032813E2	7.619826E2
3.042813E2	7.619895E2
3.052813E2	7.619916E2
3.062813E2	7.619883E2
3.072813E2	7.619826E2
3.082813E2	7.619818E2
3.092813E2	7.619925E2
3.102813E2	7.619844E2
3.112813E2	7.619857E2
3.122813E2	7.619909E2
3.132813E2	7.619854E2
3.142813E2	7.619826E2
3.152813E2	7.619829E2
3.162813E2	7.619845E2
3.172813E2	7.619800E2
3.182813E2	7.619886E2
3.192813E2	7.619840E2
3.202813E2	7.619827E2
3.212813E2	7.619792E2
3.222813E2	7.619930E2
3.232813E2	7.619842E2
3.242813E2	7.619892E2
3.252813E2	7.619855E2
3.262813E2	7.619930E2
3.272813E2	7.619920E2
3.282813E2	7.619789E2
3.292813E2	7.619916E2
3.302813E2	7.619861E2
3.312813E2	7.619862E2
3.322813E2	7.620035E2
3.332813E2	7.620029E2
3.342813E2	7.620107E2
3.352813E2	7.620184E2
3.362813E2	7.620317E2
3.372813E2	7.620449E2
3.382813E2	7.620569E2
3.392813E2	7.620820E2
3.402813E2	7.620993E2
3.412813E2	7.621270E2
3.422813E2	7.621486E2
3.432813E2	7.621805E2
3.442813E2	7.622022E2
3.452813E2	7.622369E2
3.462813E2	7.622581E2
3.472813E2	7.622911E2
3.482813E2	7.623201E2
3.492813E2	7.623584E2
3.502813E2	7.623867E2
3.512813E2	7.624172E2
3.522813E2	7.624317E2
3.532813E2	7.624592E2
3.542813E2	7.624801E2
3.552813E2	7.625065E2
3.562813E2	7.625185E2
3.572813E2	7.625435E2
3.582813E2	7.625664E2
3.592813E2	7.625718E2
3.602813E2	7.625871E2
3.612813E2	7.625960E2
3.622813E2	7.626148E2
3.632813E2	7.626153E2
3.642813E2	7.626479E2
3.652813E2	7.626336E2
3.662813E2	7.626452E2
3.672813E2	7.626651E2
3.682813E2	7.626576E2
3.692813E2	7.626725E2
3.702813E2	7.626584E2
3.712813E2	7.626695E2
3.722813E2	7.626781E2
3.732813E2	7.626821E2
3.742813E2	7.626742E2
3.752813E2	7.626806E2
3.762813E2	7.626780E2
3.772813E2	7.626931E2
3.782813E2	7.626921E2
3.792813E2	7.626868E2
3.802813E2	7.626927E2
3.812813E2	7.626894E2
3.822813E2	7.626990E2
3.832813E2	7.626958E2
3.842813E2	7.626990E2
3.852813E2	7.626981E2
3.862813E2	7.626942E2
3.872813E2	7.626868E2
3.882813E2	7.626968E2
3.892813E2	7.626953E2
3.902813E2	7.626964E2
3.912813E2	7.626966E2
3.922813E2	7.627014E2
3.932813E2	7.626948E2
3.942813E2	7.626873E2
3.952813E2	7.627028E2
3.962813E2	7.627018E2
3.972813E2	7.626976E2
3.982813E2	7.627011E2
3.992813E2	7.627028E2
4.002813E2	7.627016E2
4.012813E2	7.626996E2
4.022813E2	7.627060E2
4.032813E2	7.626923E2
4.042813E2	7.627023E2
4.052813E2	7.626940E2
4.062813E2	7.626996E2
4.072813E2	7.627034E2
4.082813E2	7.626948E2
4.092813E2	7.627105E2
4.102813E2	7.626966E2
4.112813E2	7.627095E2
4.122813E2	7.626982E2
4.132813E2	7.626962E2
4.142813E2	7.627069E2
4.152813E2	7.627074E2
4.162813E2	7.626931E2
4.172813E2	7.626991E2
4.182813E2	7.626955E2
4.192813E2	7.626990E2
4.202813E2	7.626994E2
4.212813E2	7.626931E2
4.222813E2	7.626991E2
4.232813E2	7.627028E2
4.242813E2	7.627037E2
4.252813E2	7.626948E2
4.262813E2	7.626936E2
4.272813E2	7.626933E2
4.282813E2	7.626986E2
4.292813E2	7.627034E2
4.302813E2	7.626894E2
4.312813E2	7.627081E2
4.322813E2	7.626998E2
4.332813E2	7.627045E2
4.342813E2	7.627106E2
4.352813E2	7.626964E2
4.362813E2	7.627074E2
4.372813E2	7.626962E2
4.382813E2	7.627041E2
4.392813E2	7.627098E2
4.402813E2	7.627035E2
4.412813E2	7.627121E2
4.422813E2	7.626978E2
4.432813E2	7.626982E2
4.442813E2	7.627044E2
4.452813E2	7.627116E2
4.462813E2	7.627000E2
4.472813E2	7.626958E2
4.482813E2	7.626946E2
4.492813E2	7.627005E2
4.502813E2	7.626954E2
4.512813E2	7.627052E2
4.522813E2	7.626953E2
4.532813E2	7.626967E2
4.542813E2	7.626998E2
4.552813E2	7.626968E2
4.562813E2	7.626998E2
4.572813E2	7.627094E2
4.582813E2	7.626986E2
4.592813E2	7.627116E2
4.602813E2	7.626938E2
4.612813E2	7.626990E2
4.622813E2	7.627075E2
4.632813E2	7.626971E2
4.642813E2	7.626916E2
4.652813E2	7.627055E2
4.662813E2	7.627017E2
4.672813E2	7.626995E2
4.682813E2	7.627018E2
4.692813E2	7.627079E2
4.702813E2	7.626895E2
4.712813E2	7.627040E2
4.722813E2	7.627025E2
4.732813E2	7.627010E2
4.742813E2	7.627016E2
4.752813E2	7.627026E2
4.762813E2	7.627014E2
4.772813E2	7.627137E2
4.782813E2	7.627039E2
4.792813E2	7.627200E2
4.802813E2	7.627265E2
4.812813E2	7.627313E2
4.822813E2	7.627529E2
4.832813E2	7.627733E2
4.842813E2	7.627895E2
4.852813E2	7.628137E2
4.862813E2	7.628461E2
4.872813E2	7.628801E2
4.882813E2	7.629018E2
4.892813E2	7.629425E2
4.902813E2	7.629902E2
4.912813E2	7.630330E2
4.922813E2	7.630831E2
4.932813E2	7.631310E2
4.942813E2	7.631777E2
4.952813E2	7.632205E2
4.962813E2	7.632638E2
4.972813E2	7.633178E2
4.982813E2	7.633589E2
4.992813E2	7.633857E2
5.002813E2	7.634305E2
5.012813E2	7.634569E2
5.022813E2	7.634934E2
5.032813E2	7.635081E2
5.042813E2	7.635329E2
5.052813E2	7.635421E2
5.062813E2	7.635772E2
5.072813E2	7.635809E2
5.082813E2	7.635924E2
5.092813E2	7.636091E2
5.102813E2	7.636186E2
5.112813E2	7.636302E2
5.122813E2	7.636389E2
5.132813E2	7.636363E2
5.142813E2	7.636540E2
5.152813E2	7.636598E2
5.162813E2	7.636643E2
5.172813E2	7.636744E2
5.182813E2	7.636698E2
5.192813E2	7.636857E2
5.202813E2	7.636924E2
5.212813E2	7.636856E2
5.222813E2	7.636774E2
5.232813E2	7.636901E2
5.242813E2	7.636870E2
5.252813E2	7.636867E2
5.262813E2	7.636939E2
5.272813E2	7.636903E2
5.282813E2	7.637002E2
5.292813E2	7.637019E2
5.302813E2	7.636983E2
5.312813E2	7.636998E2
5.322813E2	7.637029E2
5.332813E2	7.637097E2
5.342813E2	7.636992E2
5.352813E2	7.636961E2
5.362813E2	7.637101E2
5.372813E2	7.637070E2
5.382813E2	7.636955E2
5.392813E2	7.637007E2
5.402813E2	7.637097E2
5.412813E2	7.637023E2
5.422813E2	7.637068E2
5.432813E2	7.637086E2
5.442813E2	7.637009E2
5.452813E2	7.637050E2
5.462813E2	7.637087E2
5.472813E2	7.637029E2
5.482813E2	7.637033E2
5.492813E2	7.637116E2
5.502813E2	7.637098E2
5.512813E2	7.637049E2
5.522813E2	7.637079E2
5.532813E2	7.637057E2
5.542813E2	7.636973E2
5.552813E2	7.637095E2
5.562813E2	7.637060E2
5.572813E2	7.637057E2
5.582813E2	7.637065E2
5.592813E2	7.637103E2
5.602813E2	7.637093E2
5.612813E2	7.637103E2
5.622813E2	7.637034E2
5.632813E2	7.637030E2
5.642813E2	7.637127E2
5.652813E2	7.637024E2
5.662813E2	7.637093E2
5.672813E2	7.637113E2
5.682813E2	7.637070E2
5.692813E2	7.637182E2
5.702813E2	7.637034E2
5.712813E2	7.637052E2
5.722813E2	7.637060E2
5.732813E2	7.637143E2
5.742813E2	7.637045E2
5.752813E2	7.637122E2
5.762813E2	7.637062E2
5.772813E2	7.637062E2
5.782813E2	7.637004E2
5.792813E2	7.637084E2
5.802813E2	7.637070E2
5.812813E2	7.637060E2
5.822813E2	7.637097E2
5.832813E2	7.637044E2
5.842813E2	7.636997E2
5.852813E2	7.637034E2
5.862813E2	7.637092E2
5.872813E2	7.637092E2
5.882813E2	7.637091E2
5.892813E2	7.636972E2
5.902813E2	7.636979E2
5.912813E2	7.636991E2
5.922813E2	7.637045E2
5.932813E2	7.637083E2
5.942813E2	7.636983E2
5.952813E2	7.637098E2
5.962813E2	7.637101E2
5.972813E2	7.637023E2
5.982813E2	7.637121E2
5.992813E2	7.637038E2
6.002813E2	7.637071E2
6.012813E2	7.637071E2
6.022813E2	7.636989E2
6.032813E2	7.637103E2
6.042813E2	7.637002E2
6.052813E2	7.637099E2
6.062813E2	7.637004E2
6.072813E2	7.637102E2
6.082813E2	7.637022E2
6.092813E2	7.637115E2
6.102813E2	7.637064E2
6.112813E2	7.637056E2
6.122813E2	7.637011E2
6.132813E2	7.637094E2
6.142813E2	7.637035E2
6.152813E2	7.637053E2
6.162813E2	7.637063E2
6.172813E2	7.637057E2
6.182813E2	7.637104E2
6.192813E2	7.637009E2
6.202813E2	7.637003E2
6.212813E2	7.636967E2
6.222813E2	7.637062E2
6.232813E2	7.637057E2
6.242813E2	7.636993E2
6.252813E2	7.636929E2
6.262813E2	7.637069E2
6.272813E2	7.637002E2
6.282813E2	7.637085E2
6.292813E2	7.637003E2
6.302813E2	7.636960E2
6.312813E2	7.637036E2
6.322813E2	7.637091E2
6.332813E2	7.637078E2
6.342813E2	7.637064E2
6.352813E2	7.637093E2
6.362813E2	7.637313E2
6.372813E2	7.637288E2
6.382813E2	7.637398E2
6.392813E2	7.637562E2
6.402813E2	7.637816E2
6.412813E2	7.638128E2
6.422813E2	7.638544E2
6.432813E2	7.638763E2
6.442813E2	7.639146E2
6.452813E2	7.639539E2
6.462813E2	7.639977E2
6.472813E2	7.640344E2
6.482813E2	7.640783E2
6.492813E2	7.641189E2
6.502813E2	7.641801E2
6.512813E2	7.642168E2
6.522813E2	7.642713E2
6.532813E2	7.643077E2
6.542813E2	7.643564E2
6.552813E2	7.643993E2
6.562813E2	7.644267E2
6.572813E2	7.644621E2
6.582813E2	7.645014E2
6.592813E2	7.645401E2
6.602813E2	7.645485E2
6.612813E2	7.645748E2
6.622813E2	7.646021E2
6.632813E2	7.646217E2
6.642813E2	7.646516E2
6.652813E2	7.646604E2
6.662813E2	7.646834E2
6.672813E2	7.646880E2
6.682813E2	7.647042E2
6.692813E2	7.647125E2
6.702813E2	7.647110E2
6.712813E2	7.647277E2
6.722813E2	7.647285E2
6.732813E2	7.647337E2
6.742813E2	7.647422E2
6.752813E2	7.647470E2
6.762813E2	7.647491E2
6.772813E2	7.647469E2
6.782813E2	7.647494E2
6.792813E2	7.647640E2
6.802813E2	7.647564E2
6.812813E2	7.647577E2
6.822813E2	7.647604E2
6.832813E2	7.647578E2
6.842813E2	7.647699E2
6.852813E2	7.647702E2
6.862813E2	7.647686E2
6.872813E2	7.647699E2
6.882813E2	7.647683E2
6.892813E2	7.647758E2
6.902813E2	7.647824E2
6.912813E2	7.647700E2
6.922813E2	7.647731E2
6.932813E2	7.647756E2
6.942813E2	7.647830E2
6.952813E2	7.647737E2
6.962813E2	7.647733E2
6.972813E2	7.647804E2
6.982813E2	7.647884E2
6.992813E2	7.647835E2
7.002813E2	7.647761E2
7.012813E2	7.647804E2
7.022813E2	7.647821E2
7.032813E2	7.647916E2
7.042813E2	7.647761E2
7.052813E2	7.647890E2
7.062813E2	7.647800E2
7.072813E2	7.647813E2
7.082813E2	7.647823E2
7.092813E2	7.647862E2
7.102813E2	7.647813E2
7.112813E2	7.647896E2
7.122813E2	7.647815E2
7.132813E2	7.647780E2
7.142813E2	7.647865E2
7.152813E2	7.647827E2
7.162813E2	7.647811E2
7.172813E2	7.647767E2
7.182813E2	7.647769E2
7.192813E2	7.647860E2
7.202813E2	7.647717E2
7.212813E2	7.647807E2
7.222813E2	7.647680E2
7.232813E2	7.647758E2
7.242813E2	7.647776E2
7.252813E2	7.647842E2
7.262813E2	7.647834E2
7.272813E2	7.647800E2
7.282813E2	7.647834E2
7.292813E2	7.647796E2
7.302813E2	7.647824E2
7.312813E2	7.647617E2
7.322813E2	7.647881E2
7.332813E2	7.647808E2
7.342813E2	7.647777E2
7.352813E2	7.647804E2
7.362813E2	7.647768E2
7.372813E2	7.647768E2
7.382813E2	7.647838E2
7.392813E2	7.647777E2
7.402813E2	7.647755E2
7.412813E2	7.647761E2
7.422813E2	7.647807E2
7.432813E2	7.647799E2
7.442813E2	7.647771E2
7.452813E2	7.647809E2
7.462813E2	7.647813E2
7.472813E2	7.647839E2
7.482813E2	7.647804E2
7.492813E2	7.647751E2
7.502813E2	7.647697E2
7.512813E2	7.647732E2
7.522813E2	7.647735E2
7.532813E2	7.647819E2
7.542813E2	7.647798E2
7.552813E2	7.647736E2
7.562813E2	7.647728E2
7.572813E2	7.647827E2
7.582813E2	7.647803E2
7.592813E2	7.647784E2
7.602813E2	7.647747E2
7.612813E2	7.647740E2
7.622813E2	7.647756E2
7.632813E2	7.647777E2
7.642813E2	7.647776E2
7.652813E2	7.647854E2
7.662813E2	7.647764E2
7.672813E2	7.647875E2
7.682813E2	7.647889E2
7.692813E2	7.648014E2
7.702813E2	7.648016E2
7.712813E2	7.648175E2
7.722813E2	7.648299E2
7.732813E2	7.648732E2
7.742813E2	7.649076E2
7.752813E2	7.649344E2
7.762813E2	7.649732E2
7.772813E2	7.650284E2
7.782813E2	7.650926E2
7.792813E2	7.651432E2
7.802813E2	7.652112E2
7.812813E2	7.652887E2
7.822813E2	7.653603E2
7.832813E2	7.654663E2
7.842813E2	7.655324E2
7.852813E2	7.656084E2
7.862813E2	7.657033E2
7.872813E2	7.657749E2
7.882813E2	7.658481E2
7.892813E2	7.659176E2
7.902813E2	7.659950E2
7.912813E2	7.660408E2
7.922813E2	7.660888E2
7.932813E2	7.661434E2
7.942813E2	7.661728E2
7.952813E2	7.662196E2
7.962813E2	7.662540E2
7.972813E2	7.662737E2
7.982813E2	7.662961E2
7.992813E2	7.663213E2
8.002813E2	7.663418E2
8.012813E2	7.663524E2
8.022813E2	7.663676E2
8.032813E2	7.663812E2
8.042813E2	7.663948E2
8.052813E2	7.663991E2
8.062813E2	7.664162E2
8.072813E2	7.664129E2
8.082813E2	7.664320E2
8.092813E2	7.664393E2
8.102813E2	7.664367E2
8.112813E2	7.664351E2
8.122813E2	7.664355E2
8.132813E2	7.664403E2
8.142813E2	7.664361E2
8.152813E2	7.664389E2
8.162813E2	7.664396E2
8.172813E2	7.664359E2
8.182813E2	7.664325E2
8.192813E2	7.664396E2
8.202813E2	7.664335E2
8.212813E2	7.664319E2
8.222813E2	7.664406E2
8.232813E2	7.664424E2
8.242813E2	7.664443E2
8.252813E2	7.664376E2
8.262813E2	7.664361E2
8.272813E2	7.664420E2
8.282813E2	7.664353E2
8.292813E2	7.664457E2
8.302813E2	7.664464E2
8.312813E2	7.664366E2
8.322813E2	7.664549E2
8.332813E2	7.664502E2
8.342813E2	7.664439E2
8.352813E2	7.664547E2
8.362813E2	7.664430E2
8.372813E2	7.664490E2
8.382813E2	7.664485E2
8.392813E2	7.664493E2
8.402813E2	7.664420E2
8.412813E2	7.664475E2
8.422813E2	7.664454E2
8.432813E2	7.664411E2
8.442813E2	7.664352E2
8.452813E2	7.664387E2
8.462813E2	7.664406E2
8.472813E2	7.664371E2
8.482813E2	7.664505E2
8.492813E2	7.664370E2
8.502813E2	7.664352E2
8.512813E2	7.664426E2
8.522813E2	7.664321E2
8.532813E2	7.664496E2
8.542813E2	7.664410E2
8.552813E2	7.664372E2
8.562813E2	7.664403E2
8.572813E2	7.664376E2
8.582813E2	7.664426E2
8.592813E2	7.664366E2
8.602813E2	7.664319E2
8.612813E2	7.664369E2
8.622813E2	7.664423E2
8.632813E2	7.664406E2
8.642813E2	7.664343E2
8.652813E2	7.664396E2
8.662813E2	7.664384E2
8.672813E2	7.664334E2
8.682813E2	7.664432E2
8.692813E2	7.664349E2
8.702813E2	7.664350E2
8.712813E2	7.664339E2
8.722813E2	7.664366E2
8.732813E2	7.664349E2
8.742813E2	7.664379E2
8.752813E2	7.664337E2
8.762813E2	7.664342E2
8.772813E2	7.664283E2
8.782813E2	7.664239E2
8.792813E2	7.664254E2
8.802813E2	7.664269E2
8.812813E2	7.664281E2
8.822813E2	7.664313E2
8.832813E2	7.664319E2
8.842813E2	7.664215E2
8.852813E2	7.664095E2
8.862813E2	7.664104E2
8.872813E2	7.664042E2
8.882813E2	7.664213E2
8.892813E2	7.664065E2
8.902813E2	7.664096E2
8.912813E2	7.664063E2
8.922813E2	7.663987E2
8.932813E2	7.663978E2
8.942813E2	7.664336E2
8.952813E2	7.664464E2
8.962813E2	7.664439E2
8.972813E2	7.664984E2
8.982813E2	7.665115E2
8.992813E2	7.665215E2
9.002813E2	7.665478E2
9.012813E2	7.665729E2
9.022813E2	7.665819E2
9.032813E2	7.665950E2
9.042813E2	7.665826E2
9.052813E2	7.665963E2
9.062813E2	7.665934E2
9.072813E2	7.665672E2
9.082813E2	7.665739E2
9.092813E2	7.665861E2
9.102813E2	7.665404E2
9.112813E2	7.665557E2
9.122813E2	7.665469E2
9.132813E2	7.665134E2
9.142813E2	7.664827E2
9.152813E2	7.664768E2
9.162813E2	7.664194E2
9.172813E2	7.664026E2
9.182813E2	7.663915E2
9.192813E2	7.663766E2
9.202813E2	7.663631E2
9.212813E2	7.663558E2
9.222813E2	7.663431E2
9.232813E2	7.662833E2
9.242813E2	7.663046E2
9.252813E2	7.662836E2
9.262813E2	7.662031E2
9.272813E2	7.662233E2
9.282813E2	7.661971E2
9.292813E2	7.661267E2
9.302813E2	7.661217E2
9.312813E2	7.660603E2
9.322813E2	7.660347E2
9.332813E2	7.660063E2
9.342813E2	7.659107E2
9.352813E2	7.658040E2
9.362813E2	7.656047E2
9.372813E2	7.654211E2
9.382813E2	7.652715E2
9.392813E2	7.651696E2
9.402813E2	7.650941E2
9.412813E2	7.650217E2
9.422813E2	7.649689E2
9.432813E2	7.649237E2
9.442813E2	7.648683E2
9.452813E2	7.648438E2
9.462813E2	7.648340E2
9.472813E2	7.648184E2
9.482813E2	7.648289E2
9.492813E2	7.648150E2
9.502813E2	7.648761E2
9.512813E2	7.648880E2
9.522813E2	7.648566E2
9.532813E2	7.648714E2
9.542813E2	7.648769E2
9.552813E2	7.648887E2
9.562813E2	7.649421E2
9.572813E2	7.649401E2
9.582813E2	7.649763E2
9.592813E2	7.649862E2
9.602813E2	7.649408E2
9.612813E2	7.648796E2
9.622813E2	7.648290E2
9.632813E2	7.647760E2
9.642813E2	7.647133E2
9.652813E2	7.646854E2
9.662813E2	7.646220E2
9.672813E2	7.645703E2
9.682813E2	7.645309E2
9.692813E2	7.645063E2
9.702813E2	7.644886E2
9.712813E2	7.644891E2
9.722813E2	7.644803E2
9.732813E2	7.644971E2
9.742813E2	7.644901E2
9.752813E2	7.645003E2
9.762813E2	7.645129E2
9.772813E2	7.645234E2
9.782813E2	7.645239E2
9.792813E2	7.645282E2
9.802813E2	7.645439E2
9.812813E2	7.645334E2
9.822813E2	7.645389E2
9.832813E2	7.645434E2
9.842813E2	7.645354E2
9.852813E2	7.645334E2
9.862813E2	7.645286E2
9.872813E2	7.645165E2
9.882813E2	7.645132E2
9.892813E2	7.645062E2
9.902813E2	7.644948E2
9.912813E2	7.644830E2
9.922813E2	7.644580E2
9.932813E2	7.644457E2
9.942813E2	7.644310E2
9.952813E2	7.644110E2
9.962813E2	7.643969E2
9.972813E2	7.643686E2
9.982813E2	7.643495E2
9.992813E2	7.643169E2
1.000281E3	7.642914E2
1.001281E3	7.642704E2
1.002281E3	7.642455E2
1.003281E3	7.642229E2
1.004281E3	7.641884E2
1.005281E3	7.641777E2
1.006281E3	7.641507E2
1.007281E3	7.641126E2
1.008281E3	7.640968E2
1.009281E3	7.640767E2
1.010281E3	7.640450E2
1.011281E3	7.640225E2
1.012281E3	7.639964E2
1.013281E3	7.639917E2
1.014281E3	7.639652E2
1.015281E3	7.639538E2
1.016281E3	7.639322E2
1.017281E3	7.639284E2
1.018281E3	7.639103E2
1.019281E3	7.639091E2
1.020281E3	7.639008E2
1.021281E3	7.638788E2
1.022281E3	7.638859E2
1.023281E3	7.638768E2
1.024281E3	7.638671E2
1.025281E3	7.638620E2
1.026281E3	7.638607E2
1.027281E3	7.638555E2
1.028281E3	7.638519E2
1.029281E3	7.638425E2
1.030281E3	7.638440E2
1.031281E3	7.638513E2
1.032281E3	7.638443E2
1.033281E3	7.638372E2
1.034281E3	7.638326E2
1.035281E3	7.638385E2
1.036281E3	7.638321E2
1.037281E3	7.638328E2
1.038281E3	7.638337E2
1.039281E3	7.638306E2
1.040281E3	7.638287E2
1.041281E3	7.638422E2
1.042281E3	7.638308E2
1.043281E3	7.638283E2
1.044281E3	7.638256E2
1.045281E3	7.638319E2
1.046281E3	7.638220E2
1.047281E3	7.638264E2
1.048281E3	7.638218E2
1.049281E3	7.638197E2
1.050281E3	7.638159E2
1.051281E3	7.638255E2
1.052281E3	7.638235E2
1.053281E3	7.638210E2
1.054281E3	7.638288E2
1.055281E3	7.638171E2
1.056281E3	7.638075E2
1.057281E3	7.638143E2
1.058281E3	7.638168E2
1.059281E3	7.638237E2
1.060281E3	7.638161E2
1.061281E3	7.638173E2
1.062281E3	7.638210E2
1.063281E3	7.638213E2
1.064281E3	7.638167E2
1.065281E3	7.638155E2
1.066281E3	7.638153E2
1.067281E3	7.638269E2
1.068281E3	7.638203E2
1.069281E3	7.638129E2
1.070281E3	7.638125E2
1.071281E3	7.638203E2
1.072281E3	7.638185E2
1.073281E3	7.638175E2
1.074281E3	7.638157E2
1.075281E3	7.638140E2
1.076281E3	7.638113E2
1.077281E3	7.638135E2
1.078281E3	7.638205E2
1.079281E3	7.638195E2
1.080281E3	7.638166E2
1.081281E3	7.638111E2
1.082281E3	7.638149E2
1.083281E3	7.638104E2
1.084281E3	7.638158E2
1.085281E3	7.638175E2
1.086281E3	7.638118E2
1.087281E3	7.638176E2
1.088281E3	7.638232E2
1.089281E3	7.638146E2
1.090281E3	7.638205E2
1.091281E3	7.638100E2
1.092281E3	7.638094E2
1.093281E3	7.638166E2
1.094281E3	7.638201E2
1.095281E3	7.638230E2
1.096281E3	7.638209E2
1.097281E3	7.638116E2
1.098281E3	7.638230E2
1.099281E3	7.638150E2
1.100281E3	7.638221E2
1.101281E3	7.638132E2
1.102281E3	7.638105E2
1.103281E3	7.638134E2
1.104281E3	7.638158E2
1.105281E3	7.638214E2
1.106281E3	7.638143E2
1.107281E3	7.638134E2
1.108281E3	7.638173E2
1.109281E3	7.638121E2
1.110281E3	7.638201E2
1.111281E3	7.638118E2
1.112281E3	7.638156E2
1.113281E3	7.638118E2
1.114281E3	7.638145E2
1.115281E3	7.638154E2
1.116281E3	7.638112E2
1.117281E3	7.638081E2
1.118281E3	7.638219E2
1.119281E3	7.638125E2
1.120281E3	7.638201E2
1.121281E3	7.638118E2
1.122281E3	7.638096E2
1.123281E3	7.638195E2
1.124281E3	7.638148E2
1.125281E3	7.638141E2
1.126281E3	7.638101E2
1.127281E3	7.638262E2
1.128281E3	7.638145E2
1.129281E3	7.638169E2
1.130281E3	7.638079E2
1.131281E3	7.638186E2
1.132282E3	7.638063E2
1.133290E3	7.638197E2
